Rectangle, 457, 139, 9, 42, 49, 7daebb;
Rectangle, 63, 242, 6, 77, 90, cea587;
Triangle, 242, 9, 8, 99, 100, ee4723;
Triangle, 111, 270, 9, 15, 38, 6042a6;
Polygon, 381, 97, 10, [(93,68) (59,41) (93,54)], df0645;
Polygon, 122, 293, 1, [(1,89) (73,67) (51,19) (41,89) (2,52)], b6831d;
Rectangle, 463, 55, 9, 75, 32, 6e6637;
Triangle, 116, 168, 2, 36, 65, f37918;
Polygon, 210, 427, 0, [(84,25) (87,66) (71,38) (87,16)], c95998;
Triangle, 361, 51, 1, 40, 78, 983de4;
Rectangle, 5, 6, 10, 62, 41, 0d935c;
Triangle, 263, 337, 1, 94, 95, e200d5;
Polygon, 167, 213, 0, [(33,98) (23,34) (13,78) (38,79) (42,87) (76,84) (32,71)], 4ae479;
Rectangle, 49, 457, 4, 10, 98, 4c0869;
Polygon, 417, 488, 5, [(95,37) (31,10) (37,29) (69,34)], 8730ff;
Triangle, 464, 336, 0, 52, 41, 970e20;
Rectangle, 177, 79, 3, 45, 82, abea1f;
Polygon, 289, 107, 1, [(57,29) (18,84) (44,79) (9,84)], 77b6bf;
Triangle, 212, 342, 1, 68, 41, f165c5;
Triangle, 464, 75, 5, 76, 30, 0ad278;
Triangle, 344, 250, 8, 32, 14, e8f6b5;
Polygon, 370, 258, 8, [(39,63) (77,73) (13,57) (85,96) (44,33) (69,30) (49,73)], 81d7e1;
Triangle, 54, 13, 5, 29, 46, 2dc9ba;
Polygon, 427, 206, 9, [(0,95) (24,13) (64,90) (40,87) (82,18)], 7251e1;
Triangle, 459, 485, 7, 45, 37, 57f673;
Triangle, 14, 369, 2, 62, 53, 09c6d2;
Polygon, 167, 34, 1, [(64,53) (85,45) (13,37) (45,85) (49,48)], 177ad9;
Polygon, 278, 354, 10, [(57,34) (17,98) (39,86) (9,24)], 7619ba;
Rectangle, 109, 457, 0, 41, 77, f8dfb9;
Rectangle, 117, 364, 3, 83, 66, 674afa;
Rectangle, 178, 199, 8, 65, 24, d7a50e;
Triangle, 290, 245, 9, 46, 52, d393d5;
Triangle, 382, 451, 2, 43, 80, 390fd8;
Rectangle, 116, 292, 1, 81, 93, 54e6ec;
Rectangle, 421, 270, 3, 47, 95, 32bcc8;
Polygon, 139, 407, 4, [(15,67) (25,2) (52,23)], 79e014;
Rectangle, 111, 401, 8, 72, 96, 1961e5;
Polygon, 69, 158, 7, [(12,49) (67,18) (49,15)], e5876f;
Triangle, 338, 350, 2, 77, 52, db28ed;
Polygon, 104, 373, 6, [(80,74) (12,55) (66,16) (32,3)], 5145d4;
Triangle, 100, 400, 4, 66, 100, 1a3251;
Polygon, 169, 292, 8, [(27,42) (56,12) (65,21) (69,42) (5,46) (76,74)], 32b74d;
Rectangle, 117, 382, 6, 55, 84, ffc001;
Rectangle, 342, 240, 9, 50, 60, 444321;
Polygon, 220, 307, 9, [(26,89) (3,26) (61,53) (32,83) (30,67) (6,35) (97,87)], fa8aae;
Polygon, 401, 411, 7, [(58,96) (27,20) (76,44) (0,19) (75,51)], b9808a;
Polygon, 41, 458, 7, [(37,76) (56,86) (45,86) (9,94) (21,41) (78,61) (92,5) (6,40)], d36e13;
Triangle, 466, 245, 2, 86, 90, 36f99e;
Polygon, 464, 256, 3, [(47,63) (17,55) (17,28)], 2da04f;
Rectangle, 85, 222, 6, 74, 18, cc90ef;
Rectangle, 337, 31, 10, 96, 71, 8358bc;
Polygon, 287, 172, 3, [(83,27) (5,92) (2,100) (86,8) (42,32) (46,55) (74,61)], 7786c2;
Triangle, 494, 433, 2, 92, 26, aa24bf;
Polygon, 79, 184, 2, [(50,41) (15,32) (87,58) (53,95) (23,34) (95,43) (9,87)], 89ea0e;
Rectangle, 173, 140, 0, 49, 36, 500de0;
Triangle, 122, 427, 4, 92, 33, 2ecb33;
Polygon, 373, 486, 7, [(79,74) (70,87) (4,84) (44,1)], bd75f1;
Rectangle, 193, 404, 9, 89, 60, 180c61;
Triangle, 149, 244, 7, 23, 41, 8241a1;
Triangle, 13, 444, 1, 43, 73, c564ca;
Rectangle, 90, 333, 0, 70, 12, 2aef18;
Polygon, 11, 494, 0, [(68,6) (75,10) (23,40)], 8aea25;
Rectangle, 281, 67, 7, 42, 100, 1405c5;
Rectangle, 60, 73, 9, 80, 99, b4d0bb;
Polygon, 432, 52, 0, [(43,94) (58,84) (27,85) (31,23) (36,9) (83,93) (20,7) (75,75)], 4dfea3;
Rectangle, 67, 489, 4, 21, 90, f91da9;
Polygon, 357, 249, 5, [(7,85) (16,30) (45,13) (9,75)], 3730e8;
Triangle, 3, 485, 1, 81, 21, 55cd5b;
Rectangle, 69, 28, 6, 14, 33, df26d3;
Triangle, 467, 167, 9, 58, 54, 301df4;
Polygon, 241, 69, 1, [(36,60) (58,85) (53,48) (71,62) (96,1)], a405b5;
Rectangle, 34, 98, 0, 62, 41, c6c4b3;
Triangle, 281, 437, 1, 54, 87, e9dcab;
Triangle, 250, 386, 2, 45, 21, b48d4f;
Triangle, 129, 296, 3, 19, 44, ea9022;
Rectangle, 69, 77, 5, 24, 19, 105640;
Rectangle, 221, 442, 0, 61, 69, e81758;
Polygon, 117, 253, 10, [(13,21) (12,60) (2,8) (46,67) (34,50) (11,32)], 832ca1;
Triangle, 359, 474, 9, 48, 75, 37b58f;
Rectangle, 197, 318, 0, 98, 42, 08f70d;
Rectangle, 100, 289, 9, 83, 46, df072b;
Polygon, 96, 394, 3, [(26,14) (33,43) (55,19) (23,34) (68,88) (79,85) (86,19)], d0632b;
Triangle, 21, 71, 0, 91, 78, 7dbd19;
Triangle, 207, 273, 4, 96, 59, d18426;
Rectangle, 486, 262, 10, 23, 83, da487e;
Polygon, 467, 489, 9, [(83,79) (31,71) (22,59)], cff791;
Polygon, 170, 92, 1, [(35,24) (30,85) (22,28) (95,60) (59,4)], b4712f;
Triangle, 321, 426, 5, 40, 76, f82e78;
Rectangle, 137, 435, 8, 78, 19, 08a834;
Rectangle, 268, 288, 10, 91, 56, 6e8af4;
Rectangle, 261, 103, 10, 13, 84, 7cff81;
Triangle, 23, 368, 0, 94, 65, 084c0b;
Polygon, 397, 356, 6, [(72,7) (52,62) (80,60) (69,51) (80,78) (73,12) (25,34) (0,79)], a9e79b;
Polygon, 180, 466, 10, [(51,44) (56,78) (95,29) (80,64) (56,38)], ec6cef;
Rectangle, 405, 141, 8, 32, 41, 81ead0;
Polygon, 471, 187, 9, [(8,78) (41,52) (75,58) (76,29) (73,48)], 79b699;
Rectangle, 78, 442, 8, 32, 21, 684fcb;
Rectangle, 435, 275, 10, 82, 21, 636ce6;
Rectangle, 466, 58, 3, 15, 79, 1d80e8;
Polygon, 417, 489, 3, [(15,99) (96,53) (17,5)], 61ab2b;
Polygon, 467, 484, 5, [(10,62) (15,61) (86,32) (57,24) (32,9)], 1db8cc;
Polygon, 90, 50, 9, [(84,93) (94,79) (39,82) (42,64) (93,83) (23,5)], 38b96a;
Polygon, 420, 257, 8, [(10,21) (32,35) (63,50)], a1ffd4;
Polygon, 2, 323, 9, [(0,25) (88,47) (78,34) (52,67) (26,65)], 2566ab;
Rectangle, 271, 387, 0, 26, 38, 9aaf55;
Polygon, 385, 62, 4, [(61,88) (7,93) (74,31) (61,1)], 4deb69;
Polygon, 254, 294, 7, [(59,32) (7,2) (93,75) (80,60)], 165805;
Rectangle, 355, 23, 7, 46, 94, ed106e;
Rectangle, 263, 137, 6, 22, 67, ced0c9;
Triangle, 368, 289, 1, 19, 62, 7c0d75;
Rectangle, 175, 192, 8, 32, 75, 4a2bee;
Triangle, 201, 10, 5, 36, 92, 3b1681;
Polygon, 365, 182, 7, [(13,2) (55,85) (29,80) (19,70) (14,94)], 1134eb;
Polygon, 242, 36, 6, [(93,96) (34,60) (38,29)], dd2065;
Triangle, 371, 69, 3, 44, 63, 94fd54;
Polygon, 202, 278, 2, [(39,16) (19,12) (34,4) (40,37)], 3d4424;
Triangle, 17, 321, 3, 49, 63, 065433;
Triangle, 278, 431, 5, 77, 81, 111f98;
Polygon, 339, 106, 3, [(67,44) (62,76) (9,99) (90,97) (28,63) (76,48)], c51d34;
Triangle, 357, 355, 5, 25, 60, 0cffde;
Triangle, 300, 251, 2, 42, 75, a62d4d;
Rectangle, 450, 488, 7, 94, 49, 090c91;
Polygon, 456, 65, 2, [(12,75) (59,80) (35,96) (28,83)], e10b74;
Rectangle, 263, 467, 8, 22, 90, 3a4f9f;
Triangle, 89, 271, 1, 25, 41, fdf756;
Triangle, 190, 290, 8, 72, 86, e980b6;
Polygon, 357, 374, 7, [(17,46) (13,67) (65,73) (5,55) (50,3) (84,89)], 579318;
Triangle, 487, 87, 8, 67, 93, 7d3b17;
Triangle, 257, 342, 9, 48, 10, 21e67f;
Polygon, 365, 264, 3, [(26,63) (95,42) (91,96)], c449d7;
Polygon, 66, 336, 6, [(95,45) (5,26) (81,84) (46,50)], f159cf;
Rectangle, 352, 423, 4, 46, 42, 12b228;
Polygon, 474, 334, 0, [(62,92) (48,1) (77,34)], 1ab327;
Triangle, 100, 138, 2, 48, 58, c0fa47;
Triangle, 291, 98, 1, 88, 100, 314c80;
Polygon, 189, 99, 1, [(5,72) (22,66) (76,89) (9,16) (31,3) (71,3) (26,5)], bbc098;
Rectangle, 397, 472, 3, 64, 32, 97f6ef;
Triangle, 218, 106, 5, 99, 32, 99f826;
Rectangle, 38, 196, 0, 62, 16, 79f777;
Polygon, 485, 115, 8, [(48,40) (98,96) (70,86)], 477196;
Polygon, 352, 167, 10, [(67,4) (37,84) (4,39) (15,34) (83,94) (98,54) (44,87) (66,36)], 40c07a;
Triangle, 132, 393, 9, 47, 14, c6b578;
Polygon, 414, 237, 3, [(17,75) (35,8) (39,62) (93,25) (80,9) (22,87) (54,73)], 405b27;
Polygon, 165, 108, 7, [(90,52) (86,44) (31,43)], 1300db;
Rectangle, 189, 419, 1, 71, 67, fb31e0;
Triangle, 73, 478, 4, 56, 24, 54027f;
Rectangle, 342, 309, 3, 70, 92, c55014;
Rectangle, 38, 484, 3, 76, 86, 835b36;
Triangle, 219, 101, 9, 61, 12, 744cee;
Rectangle, 13, 70, 2, 46, 31, bce607;
Polygon, 239, 202, 1, [(62,31) (66,89) (31,65) (44,13) (64,18) (46,72)], 30a3a6;
Rectangle, 305, 162, 10, 92, 75, 725716;
Polygon, 177, 486, 2, [(13,47) (87,26) (87,26) (17,76)], 2c0c20;
Rectangle, 466, 145, 8, 40, 13, 12d364;
Polygon, 53, 412, 0, [(29,50) (26,81) (22,66) (56,69) (8,2) (89,97) (9,29)], d10c85;
Triangle, 388, 147, 1, 60, 35, 2ce298;
Polygon, 228, 125, 6, [(20,95) (29,91) (90,26) (88,9) (72,27) (3,61) (75,33) (71,90)], 07d594;
Polygon, 436, 233, 2, [(81,29) (48,86) (2,38)], 80e9eb;
Rectangle, 17, 148, 5, 77, 15, ef13b1;
Rectangle, 206, 241, 0, 34, 61, 5930b9;
Triangle, 6, 103, 3, 70, 75, a6229a;
Polygon, 102, 188, 10, [(55,92) (55,98) (68,44) (54,27) (37,30) (92,45)], e9098f;
Triangle, 448, 487, 2, 50, 27, d4625a;
Polygon, 0, 398, 9, [(96,60) (19,52) (49,7) (91,40) (37,42) (100,49)], 39c27a;
Triangle, 248, 250, 1, 12, 92, d321e6;
Rectangle, 263, 333, 3, 88, 59, 30f6d6;
Polygon, 307, 213, 5, [(33,66) (82,52) (39,79) (82,1) (2,54) (61,33) (77,24)], dac3b3;
Triangle, 478, 383, 7, 22, 31, e592d9;
Polygon, 13, 0, 10, [(40,90) (68,9) (14,24) (74,56) (11,71)], 72006c;
Triangle, 189, 376, 1, 34, 30, e9b5b2;
Triangle, 0, 448, 3, 26, 31, 91e40f;
Triangle, 187, 109, 3, 63, 85, cde067;
Triangle, 391, 388, 7, 89, 22, 4e297d;
Polygon, 204, 473, 1, [(8,52) (75,56) (14,68) (23,8) (81,32) (86,51) (73,26)], 8bcc5d;
Polygon, 357, 171, 10, [(66,53) (29,1) (62,56) (3,79)], 2f2024;
Triangle, 166, 164, 4, 55, 73, cd443e;
Rectangle, 397, 60, 3, 38, 80, 03e77d;
Rectangle, 191, 263, 5, 63, 15, bac099;
Polygon, 440, 341, 3, [(9,13) (53,90) (76,67) (1,5) (92,57) (64,60) (20,38) (76,66)], bba83c;
Rectangle, 467, 95, 3, 17, 100, f3368c;
Triangle, 270, 156, 1, 76, 97, ad873b;
Triangle, 51, 395, 1, 60, 72, d319bc;
Polygon, 255, 343, 9, [(86,10) (9,95) (6,11) (36,73)], e18bb5;
Polygon, 364, 141, 6, [(57,89) (96,25) (66,35) (73,97) (12,100) (36,100)], 9591c8;
Triangle, 319, 164, 8, 55, 95, 080a7f;
Triangle, 447, 209, 6, 36, 23, 18a945;
Triangle, 277, 148, 0, 12, 59, 71842f;
Rectangle, 133, 288, 1, 74, 83, b98304;
Polygon, 256, 493, 8, [(62,10) (72,51) (60,70) (64,29) (5,54) (49,33) (89,97) (100,48)], 912d6c;
Triangle, 107, 189, 5, 74, 58, 6f5f6b;
Polygon, 200, 441, 7, [(35,87) (11,67) (34,15) (24,88) (9,65)], ef5eb7;
Polygon, 185, 364, 2, [(89,37) (40,54) (5,87)], bea87e;
Rectangle, 372, 461, 6, 30, 80, 94d150;
Polygon, 199, 12, 6, [(16,7) (44,65) (34,86) (51,79) (100,80)], 3226bb;
Triangle, 82, 151, 6, 86, 90, 12ffee;
Rectangle, 97, 54, 2, 56, 67, 96698d;
Triangle, 10, 313, 10, 40, 18, 153517;
Rectangle, 341, 444, 5, 73, 49, fedbfa;
Triangle, 462, 62, 10, 37, 79, 1696f0;
Rectangle, 271, 279, 3, 32, 50, 14286d;
Polygon, 432, 446, 1, [(94,65) (47,58) (58,63) (31,63) (8,83) (85,67)], 2bfdc8;
Polygon, 64, 352, 5, [(63,27) (59,35) (49,55) (19,30) (40,33) (30,43) (6,54)], bf6da7;
Polygon, 405, 226, 0, [(13,81) (19,72) (62,47) (92,13) (95,71)], f5f769;
Triangle, 428, 499, 6, 10, 12, 50440e;
Triangle, 381, 499, 0, 61, 20, 3508c2;
Polygon, 484, 131, 7, [(50,47) (86,77) (40,27) (39,64) (54,42) (8,62) (37,19)], f4f3c7;
Rectangle, 463, 262, 1, 65, 10, 3e3f5d;
Polygon, 493, 183, 2, [(35,79) (40,55) (89,74) (90,0) (57,91)], d7b0c1;
Polygon, 14, 97, 6, [(70,53) (31,46) (58,35) (80,11) (20,68) (44,16)], 45e63d;
Triangle, 337, 146, 1, 58, 71, a35670;
Triangle, 283, 489, 4, 17, 41, dda158;
Polygon, 298, 386, 0, [(60,2) (31,52) (70,54) (46,36) (92,21)], 358cd6;
Triangle, 38, 37, 4, 52, 93, 7ddcf1;
Triangle, 90, 461, 4, 10, 62, 130362;
Triangle, 457, 133, 6, 21, 25, 92c696;
Triangle, 148, 143, 6, 93, 62, c4f1c9;
Polygon, 241, 189, 4, [(59,74) (31,88) (76,52) (90,78) (2,16) (42,43) (55,73) (41,86)], 9102af;
Triangle, 251, 481, 3, 61, 16, 855df8;
Rectangle, 161, 123, 2, 48, 70, 9b1804;
Rectangle, 65, 339, 8, 37, 67, 6e9ff7;
Rectangle, 86, 471, 8, 83, 49, dda8cd;
Rectangle, 151, 332, 3, 14, 52, e53319;
Triangle, 190, 149, 1, 53, 15, ef851c;
Polygon, 29, 163, 5, [(79,14) (14,31) (59,91) (5,31) (88,34) (56,43) (23,7) (96,64)], e3dc9c;
Polygon, 94, 169, 7, [(32,35) (64,94) (31,91) (48,51) (70,26) (95,8)], bcc4bb;
Rectangle, 68, 171, 8, 97, 20, 1ea55d;
Rectangle, 203, 167, 10, 61, 38, ffcd53;
Polygon, 413, 497, 3, [(17,78) (96,100) (39,77) (1,86) (64,40) (98,5) (37,65)], f76e61;
Polygon, 193, 383, 1, [(66,38) (19,79) (48,84) (49,7) (59,49)], c42182;
Triangle, 41, 96, 4, 68, 95, b72439;
Polygon, 420, 449, 2, [(98,83) (28,65) (52,76)], cac008;
Polygon, 54, 329, 10, [(34,85) (71,83) (26,26) (36,13) (73,3) (50,43) (82,0)], 645abd;
Triangle, 398, 184, 3, 51, 15, a05395;
Polygon, 250, 204, 1, [(2,56) (31,58) (67,62) (10,65) (21,10) (1,54) (66,6)], af93bf;
Polygon, 461, 207, 3, [(59,47) (96,3) (69,76) (47,70) (72,75) (56,24) (22,27) (81,79)], 687408;
Polygon, 402, 231, 0, [(24,99) (16,28) (80,30) (89,53)], add3e8;
Polygon, 342, 21, 8, [(26,86) (51,51) (56,11) (14,84) (25,48) (56,18) (12,56) (92,48)], ae715e;
Rectangle, 369, 209, 10, 82, 23, 7537cd;
Polygon, 309, 162, 1, [(86,52) (71,81) (6,30) (78,41) (65,1) (70,18) (35,11) (83,23)], 368163;
Triangle, 497, 473, 4, 42, 90, 4e2d3c;
Triangle, 113, 30, 4, 84, 45, 0b7760;
Triangle, 153, 283, 2, 80, 24, 5ecf9a;
Rectangle, 153, 425, 0, 91, 97, 28965f;
Triangle, 57, 499, 8, 30, 82, d19b97;
Polygon, 128, 308, 8, [(27,61) (34,49) (61,53) (5,89)], c0efa8;
Triangle, 238, 294, 6, 27, 33, c0f511;
Polygon, 53, 104, 5, [(38,75) (67,39) (33,16) (76,94) (56,83) (92,11) (47,33) (7,66)], 58beda;
Polygon, 105, 370, 10, [(53,36) (63,68) (97,40) (97,8) (31,52)], 751aca;
Triangle, 150, 377, 3, 50, 70, bb6643;
Polygon, 491, 328, 1, [(41,26) (17,53) (22,59) (45,27) (72,2) (87,79)], f8578b;
Triangle, 303, 418, 2, 13, 52, 2954e4;
Polygon, 265, 19, 9, [(50,65) (49,0) (82,17) (90,88)], 3acfd8;
Rectangle, 72, 434, 10, 77, 88, 71cdcb;
Triangle, 325, 233, 2, 60, 29, 3ba61a;
Triangle, 207, 379, 3, 28, 96, 7e7bf5;
Triangle, 329, 472, 8, 93, 24, 0ef791;
Triangle, 114, 158, 1, 49, 81, 2ebe5a;
Triangle, 122, 250, 7, 85, 67, 9fcea1;
Polygon, 228, 55, 9, [(83,19) (40,62) (30,84)], 35f1d7;
Rectangle, 200, 369, 4, 30, 25, 451538;
Rectangle, 482, 466, 0, 38, 21, 9f5c7d;
Rectangle, 451, 257, 1, 56, 30, 05230a;
Triangle, 389, 143, 6, 53, 77, cf4156;
Polygon, 361, 288, 2, [(21,20) (88,30) (51,6) (30,42) (38,61) (28,51) (98,82)], 61c301;
Triangle, 116, 137, 6, 83, 51, 49f732;
Triangle, 347, 179, 9, 90, 26, 763111;
Rectangle, 175, 77, 3, 68, 82, 0235a8;
Rectangle, 485, 276, 5, 86, 16, 3be610;
Rectangle, 216, 296, 3, 90, 59, f22e71;
Triangle, 211, 164, 6, 56, 79, 389b82;
Triangle, 495, 256, 4, 42, 70, a008b0;
Polygon, 323, 376, 3, [(20,22) (20,60) (5,38) (100,23) (33,21)], d31277;
Rectangle, 38, 480, 6, 96, 95, 3a72a5;
Triangle, 300, 233, 4, 53, 41, f05847;
Rectangle, 428, 265, 3, 45, 84, ea7c85;
Triangle, 117, 301, 4, 59, 18, 67d7fe;
Triangle, 266, 298, 5, 36, 70, d9566e;
Polygon, 241, 391, 7, [(36,36) (57,72) (52,72) (51,14) (32,19) (56,100) (90,36)], 828c2b;
Polygon, 334, 37, 10, [(26,98) (98,55) (50,13) (40,30) (86,95) (63,13)], 92df5b;
Polygon, 304, 126, 9, [(49,48) (42,9) (23,21)], 680aab;
Polygon, 55, 389, 6, [(13,80) (21,55) (9,16) (28,97) (30,42) (59,28) (95,73)], 5db446;
Rectangle, 18, 335, 8, 12, 58, 49ce47;
Triangle, 432, 453, 9, 65, 44, 9c9466;
Triangle, 128, 150, 10, 10, 58, 967766;
Rectangle, 1, 269, 7, 31, 37, 93001d;
Rectangle, 118, 171, 9, 98, 97, 0cb70d;
Polygon, 405, 211, 4, [(44,10) (25,73) (60,43) (41,34) (86,79) (15,89)], d0cb74;
Triangle, 262, 16, 0, 40, 16, 3a2583;
Rectangle, 450, 158, 5, 72, 70, 054f1a;
Triangle, 392, 290, 0, 76, 21, f5627e;
Rectangle, 498, 162, 1, 61, 43, 80dfef;
Rectangle, 310, 383, 0, 97, 85, 0e13af;
Rectangle, 474, 174, 0, 98, 94, 815810;
Triangle, 243, 193, 5, 86, 29, 41c6e5;
Triangle, 283, 146, 3, 85, 48, 9535ab;
Rectangle, 384, 45, 7, 66, 70, f91231;
Rectangle, 212, 382, 6, 52, 45, 9de00c;
Polygon, 146, 224, 5, [(37,55) (54,51) (4,71) (74,47) (48,3)], 370ed4;
Polygon, 365, 306, 2, [(58,25) (92,98) (58,11) (14,4) (1,69) (70,44) (22,96)], 2c694c;
Polygon, 372, 333, 2, [(6,16) (2,57) (90,94) (89,37) (75,33)], 4745f2;
Rectangle, 172, 237, 9, 76, 57, aab75e;
Polygon, 340, 453, 1, [(11,22) (62,77) (86,9)], fdcc21;
Rectangle, 78, 477, 3, 65, 74, f326d1;
Polygon, 166, 257, 1, [(67,41) (67,52) (29,72)], 45d671;
Triangle, 116, 76, 7, 97, 84, 8fd5cf;
Triangle, 239, 412, 6, 44, 99, 32fbd6;
Rectangle, 216, 460, 4, 91, 42, 74350d;
Polygon, 212, 392, 6, [(93,92) (69,67) (28,51) (92,73) (48,50) (44,93) (89,49) (56,61)], 8b12db;
Triangle, 228, 96, 4, 93, 56, 4fd7b4;
Rectangle, 19, 427, 1, 91, 53, 44e4e8;
Polygon, 153, 176, 0, [(91,9) (32,63) (47,60) (70,27)], d43d7e;
Triangle, 163, 423, 5, 13, 62, 80af06;
Polygon, 9, 473, 3, [(18,10) (68,67) (51,18) (74,46) (21,64)], 90e58d;
Triangle, 429, 260, 8, 76, 66, 3de910;
Polygon, 124, 29, 9, [(78,49) (72,35) (75,80) (47,34)], 1b0fe3;
Triangle, 406, 442, 8, 73, 31, 3e3744;
Triangle, 120, 180, 7, 59, 93, e0537c;
Polygon, 380, 187, 0, [(92,69) (39,4) (85,83)], 615ce6;
Rectangle, 423, 446, 3, 32, 24, 46c8ab;
Polygon, 307, 130, 8, [(38,73) (34,74) (48,60) (46,8) (96,42) (54,98)], 09efec;
Rectangle, 240, 107, 2, 45, 49, 48c535;
Polygon, 193, 157, 8, [(89,78) (57,33) (80,95) (49,75) (49,70) (27,97) (43,19)], aab0b5;
Polygon, 249, 386, 2, [(91,62) (89,51) (28,16) (69,12) (9,41)], 57157f;
Triangle, 444, 68, 4, 70, 95, 8736a3;
Triangle, 170, 131, 1, 54, 56, 8b322b;
Rectangle, 478, 291, 4, 98, 75, 24213b;
Rectangle, 288, 430, 8, 51, 75, a4de28;
Polygon, 474, 224, 10, [(22,71) (32,77) (58,33) (86,8)], 507912;
Rectangle, 28, 117, 8, 77, 78, e32c1a;
Triangle, 329, 119, 3, 47, 79, 6b5845;
Polygon, 108, 415, 10, [(66,24) (61,52) (96,63) (6,98) (90,75) (83,32) (7,19) (50,33)], 8b8f1e;
Triangle, 284, 111, 10, 22, 12, c63d25;
Polygon, 19, 163, 2, [(90,42) (65,27) (20,92) (2,0) (84,64) (48,35) (91,44) (23,38)], 68d25d;
Polygon, 402, 455, 0, [(77,67) (40,92) (88,94) (46,96) (17,60) (30,57)], f7466d;
Rectangle, 493, 203, 9, 34, 52, 8c80ec;
Polygon, 307, 382, 6, [(8,13) (91,81) (56,48)], fea667;
Polygon, 233, 473, 3, [(48,81) (66,70) (3,85) (32,66) (8,33) (47,51) (48,72) (86,79)], 6e061e;
Polygon, 405, 232, 10, [(23,13) (88,53) (19,16)], 8f7c42;
Rectangle, 463, 34, 4, 68, 60, 4dfcbb;
Rectangle, 132, 7, 7, 18, 40, 506eb7;
Polygon, 132, 168, 3, [(82,72) (29,38) (14,86) (91,52) (3,1)], 93bc15;
Polygon, 278, 77, 1, [(24,100) (81,5) (86,0)], 3fdc22;
Polygon, 396, 374, 2, [(54,99) (64,92) (68,80) (86,73) (46,59) (47,35) (0,16)], 60a6e9;
Rectangle, 385, 415, 6, 68, 93, da487f;
Rectangle, 27, 287, 8, 45, 11, 6c7ef6;
Rectangle, 138, 400, 0, 77, 77, 12a871;
Rectangle, 495, 269, 4, 72, 21, 1e7074;
Rectangle, 272, 167, 9, 50, 34, 9e5be4;
Polygon, 317, 30, 4, [(64,26) (47,61) (29,55) (54,73) (66,71) (84,8) (92,99) (44,97)], e5c0b8;
Rectangle, 302, 41, 6, 78, 15, 6ba611;
Triangle, 368, 195, 5, 68, 50, d081db;
Polygon, 443, 45, 10, [(89,100) (16,7) (61,43) (2,91) (1,86) (20,1) (35,65)], 01d853;
Polygon, 12, 477, 6, [(4,79) (25,87) (18,87)], 32359c;
Triangle, 95, 385, 4, 25, 27, 7e3681;
Triangle, 376, 11, 5, 32, 54, c74722;
Rectangle, 494, 341, 8, 88, 75, ae2f1d;
Polygon, 358, 388, 1, [(15,52) (21,4) (82,82) (16,85) (10,62)], fb6b20;
Polygon, 218, 328, 4, [(62,35) (67,83) (58,57) (3,72) (4,91)], b71d8d;
Triangle, 206, 395, 8, 63, 99, 509e22;
Polygon, 19, 455, 10, [(54,89) (79,29) (45,65) (55,15) (25,21) (57,75) (1,16) (68,64)], 0ca7c1;
Polygon, 159, 40, 3, [(80,19) (97,4) (77,4) (89,43)], 6e45f9;
Triangle, 48, 460, 1, 89, 47, 8fa9a3;
Polygon, 308, 29, 8, [(98,29) (91,25) (45,62) (87,64)], 729b18;
Polygon, 212, 143, 3, [(46,15) (86,44) (79,51) (47,6) (84,20)], b8b13c;
Rectangle, 245, 306, 2, 72, 93, a0fac0;
Rectangle, 114, 404, 5, 58, 97, cc18ab;
Polygon, 456, 353, 5, [(35,73) (44,28) (64,84)], 64bdae;
Triangle, 184, 433, 2, 12, 48, 621aa8;
Rectangle, 436, 390, 10, 94, 70, 43daa3;
Triangle, 444, 240, 1, 15, 33, 5c15f9;
Rectangle, 60, 453, 8, 19, 35, 7dc999;
Rectangle, 76, 348, 10, 35, 27, 23498f;
Polygon, 35, 123, 1, [(23,51) (45,66) (51,46) (64,35) (15,0)], 834269;
Rectangle, 160, 57, 7, 64, 91, 0aea15;
Rectangle, 236, 71, 0, 14, 31, 1e0ea2;
Triangle, 64, 129, 7, 23, 17, f1bfa7;
Rectangle, 125, 431, 5, 86, 51, 7d7272;
Triangle, 455, 297, 3, 26, 61, 94a7eb;
Rectangle, 20, 202, 8, 41, 49, fe3cf7;
Polygon, 86, 471, 1, [(33,61) (39,78) (46,52) (29,92)], 57bd01;
Rectangle, 351, 495, 0, 73, 90, 898628;
Polygon, 355, 330, 6, [(3,73) (84,22) (40,54) (18,94) (14,16) (8,77) (78,87) (42,77)], f4f7b2;
Rectangle, 258, 331, 7, 23, 18, 5c8458;
Polygon, 476, 145, 0, [(3,79) (2,92) (22,78) (35,73) (0,34) (93,88)], 757151;
Rectangle, 144, 68, 3, 39, 17, 64de19;
Polygon, 131, 372, 7, [(51,54) (33,84) (7,46) (19,39) (0,87) (65,19)], d142c0;
Triangle, 337, 222, 0, 91, 51, d35031;
Triangle, 328, 230, 3, 91, 39, 79fa4b;
Triangle, 54, 12, 3, 14, 27, f43f01;
Rectangle, 444, 402, 2, 17, 85, 260377;
Triangle, 264, 370, 4, 97, 85, e11ecc;
Rectangle, 28, 203, 0, 23, 10, 11d3ca;
Polygon, 405, 496, 6, [(3,94) (87,49) (32,59) (60,26) (60,59) (66,23)], cce128;
Triangle, 118, 427, 2, 39, 91, b905dc;
Triangle, 379, 345, 5, 34, 40, 0a80d5;
Rectangle, 151, 262, 9, 12, 40, bc5d78;
Polygon, 48, 168, 1, [(45,13) (32,8) (80,34) (7,32) (4,14) (1,51)], 147c0a;
Polygon, 250, 325, 1, [(43,74) (52,100) (13,14) (55,12) (12,100) (66,9)], 64869d;
Triangle, 445, 49, 9, 15, 31, c04bd2;
Polygon, 305, 300, 7, [(84,75) (15,86) (7,33) (19,27)], c7891f;
Polygon, 470, 278, 0, [(6,27) (13,24) (72,57) (48,99)], c2f932;
Triangle, 39, 154, 5, 61, 87, 036a5a;
Rectangle, 107, 211, 8, 90, 29, c25f64;
Polygon, 485, 389, 9, [(59,85) (29,79) (76,63) (69,64) (19,97) (0,96)], 92da20;
Triangle, 8, 467, 4, 31, 16, 0138e6;
Rectangle, 275, 243, 6, 10, 88, 906f34;
Triangle, 63, 37, 9, 50, 81, cec81f;
Polygon, 66, 383, 6, [(56,30) (86,89) (31,79) (75,26) (18,76) (42,65) (89,71)], f45ecd;
Polygon, 259, 468, 3, [(75,49) (26,37) (82,44) (34,42) (50,87) (60,74) (43,78) (13,14)], b9fd8c;
Triangle, 377, 155, 7, 67, 15, 79c7d0;
Polygon, 494, 403, 4, [(39,33) (53,50) (10,2)], a48826;
Triangle, 43, 256, 7, 22, 11, 555e7d;
Rectangle, 127, 290, 8, 59, 57, c1bdda;
Polygon, 406, 23, 2, [(98,53) (77,9) (75,50)], 4fdebd;
Triangle, 373, 375, 7, 32, 34, df504c;
Triangle, 295, 66, 2, 40, 64, 4c75a0;
Triangle, 379, 308, 5, 46, 59, 584648;
Triangle, 114, 142, 6, 76, 90, 42372a;
Polygon, 410, 256, 5, [(48,38) (59,45) (64,93) (76,16) (25,34) (94,38) (100,79) (65,32)], 9bc864;
Rectangle, 375, 385, 2, 76, 76, 3a6037;
Polygon, 88, 304, 7, [(65,24) (66,43) (79,19) (14,21) (19,77)], 213103;
Polygon, 127, 458, 1, [(23,74) (67,6) (12,87) (93,86) (84,55)], ad1b06;
Rectangle, 426, 399, 10, 59, 56, ce6c4a;
Rectangle, 310, 124, 8, 21, 28, 46cc11;
Triangle, 452, 109, 4, 12, 43, 0f2a39;
Rectangle, 182, 110, 0, 85, 82, bc509a;
Polygon, 303, 216, 3, [(66,44) (18,83) (29,39) (82,23) (40,55)], a23ade;
Triangle, 51, 138, 4, 88, 98, 30df39;
Triangle, 23, 189, 9, 75, 27, 0bbdc1;
Polygon, 368, 194, 7, [(90,99) (30,30) (89,21) (40,0) (91,56) (45,2) (14,10)], d7221f;
Rectangle, 143, 321, 5, 71, 47, bdd214;
Polygon, 158, 343, 4, [(17,4) (72,39) (96,52) (82,51) (70,92) (67,16) (26,75)], 71e441;
Polygon, 410, 115, 4, [(74,52) (12,99) (4,81) (4,47) (100,35) (100,33)], f875d3;
Polygon, 399, 491, 2, [(52,83) (85,3) (39,87) (70,0) (96,39)], 4038d0;
Polygon, 26, 308, 7, [(80,50) (93,86) (56,56) (67,3) (66,45) (5,39) (58,10) (86,85)], d01e47;
Polygon, 235, 331, 0, [(47,50) (80,38) (17,13) (86,19) (15,81) (91,0)], da2b95;
Polygon, 454, 167, 0, [(13,16) (22,47) (73,8) (13,96) (62,83)], 7c23f3;
Triangle, 143, 468, 6, 61, 81, 21df4b;
Rectangle, 445, 163, 3, 45, 88, e3af36;
Polygon, 271, 455, 4, [(71,17) (29,11) (36,4) (83,66) (63,87) (56,57)], 79f86e;
Rectangle, 342, 159, 9, 80, 49, 11302f;
Triangle, 138, 23, 2, 89, 14, c629f8;
Triangle, 252, 379, 2, 12, 93, 9ef61c;
Polygon, 497, 193, 1, [(46,6) (79,48) (22,63) (32,45) (58,39) (100,40)], 03cd82;
Triangle, 499, 486, 3, 15, 65, 347040;
Triangle, 157, 294, 7, 91, 91, 577e55;
Triangle, 114, 339, 7, 44, 71, 57f848;
Triangle, 28, 19, 8, 20, 14, 71035e;
Polygon, 255, 151, 5, [(41,17) (73,32) (21,21) (55,94) (28,54) (13,94) (92,39) (21,73)], 6a7bd1;
Rectangle, 286, 147, 8, 99, 52, 4b8ca9;
Polygon, 323, 71, 8, [(20,66) (94,11) (28,89) (85,2) (1,39) (76,80) (37,81) (35,2)], 7924b4;
Rectangle, 240, 276, 6, 90, 31, af99ce;
Polygon, 52, 430, 2, [(34,93) (74,89) (87,56) (79,38) (58,77) (84,29) (94,21) (25,51)], 7a7b4b;
Polygon, 154, 266, 9, [(64,97) (37,7) (90,34) (19,25) (82,22)], 8e945d;
Triangle, 316, 396, 3, 67, 56, a5623f;
Triangle, 64, 219, 3, 40, 34, 1f0ece;
Triangle, 407, 353, 10, 97, 75, fe22e7;
Rectangle, 234, 22, 7, 11, 77, f72592;
Polygon, 269, 350, 2, [(20,41) (6,49) (100,80) (9,22) (10,57) (10,29)], a3d0e0;
Triangle, 20, 128, 7, 100, 49, 3c3ac0;
Rectangle, 153, 0, 9, 81, 64, a8519a;
Triangle, 303, 409, 1, 60, 85, bffe97;
Polygon, 22, 152, 7, [(41,40) (90,47) (91,6) (32,55) (40,98) (82,86) (29,10) (76,49)], 1bb383;
Polygon, 83, 30, 0, [(26,58) (27,18) (81,88) (4,40) (30,14)], 887b48;
Polygon, 64, 286, 5, [(18,91) (98,78) (41,51)], 9b8ee9;
Rectangle, 39, 349, 6, 57, 73, 3cbfe2;
Polygon, 184, 43, 7, [(35,90) (64,14) (77,46) (100,69) (63,65) (36,33)], 2e961a;
Rectangle, 82, 110, 4, 31, 60, c080fa;
Triangle, 105, 470, 10, 26, 82, 8afaf3;
Polygon, 441, 1, 3, [(39,45) (70,40) (60,14)], 932cc0;
Polygon, 313, 432, 3, [(27,48) (64,65) (64,45)], 039af1;
Polygon, 491, 165, 3, [(45,66) (46,41) (10,62) (98,73) (20,89)], 20e82d;
Polygon, 63, 335, 10, [(98,52) (53,65) (94,14) (76,30)], a4419a;
Rectangle, 476, 196, 1, 86, 18, 856e49;
Polygon, 459, 146, 5, [(7,81) (50,8) (75,52) (51,82)], b78ae4;
Rectangle, 336, 170, 1, 79, 42, 1cd5b5;
Rectangle, 31, 206, 6, 93, 13, 151888;
Triangle, 171, 158, 5, 84, 30, 840f0b;
Polygon, 353, 369, 10, [(50,43) (90,48) (11,26)], 31ef3a;
Triangle, 182, 28, 1, 48, 15, 387687;
Rectangle, 351, 254, 5, 19, 54, acde73;
Polygon, 437, 383, 5, [(21,90) (91,61) (91,100) (78,65)], e1106c;
Rectangle, 170, 489, 1, 26, 65, ff63c2;
Triangle, 274, 173, 3, 49, 12, 6531b4;
Polygon, 109, 149, 2, [(1,2) (78,0) (42,60) (65,2) (88,10) (96,5)], 5a81ba;
Triangle, 332, 302, 7, 18, 51, 2e5ec7;
Triangle, 86, 405, 0, 53, 64, 6dcfe6;
Rectangle, 328, 201, 8, 20, 51, 401bbb;
Rectangle, 236, 152, 3, 59, 68, 8e197e;
Triangle, 309, 348, 2, 48, 10, 55f765;
Rectangle, 42, 321, 0, 45, 59, 413880;
Rectangle, 201, 72, 1, 88, 89, 36e9ea;
Triangle, 12, 299, 2, 99, 87, 446c22;
Rectangle, 409, 218, 0, 72, 57, adbe2e;
Rectangle, 315, 9, 7, 19, 42, 541029;
Rectangle, 155, 415, 4, 91, 27, ddc960;
Polygon, 412, 486, 8, [(78,18) (60,19) (43,30)], 44c678;
Triangle, 103, 347, 1, 19, 35, 1059ed;
Polygon, 328, 29, 2, [(30,89) (70,59) (15,9) (83,5)], 928f3f;
Rectangle, 480, 203, 4, 83, 68, 23be58;
Rectangle, 168, 191, 10, 22, 86, 1e5331;
Polygon, 312, 346, 10, [(21,56) (18,29) (74,40) (34,12) (100,11) (75,8) (67,26) (17,72)], 880b76;
Triangle, 287, 318, 5, 89, 68, 0c2ddb;
Rectangle, 465, 22, 6, 23, 55, 34d70a;
Triangle, 75, 9, 3, 46, 40, 7728aa;
Polygon, 434, 74, 1, [(70,48) (31,74) (42,5) (84,39) (97,60) (68,31)], 38770e;
Polygon, 41, 350, 0, [(59,57) (83,9) (20,92) (25,63) (7,13)], bfc2bd;
Polygon, 261, 366, 0, [(34,87) (0,30) (52,92) (24,97) (65,35) (46,12) (79,92) (82,90)], 204872;
Rectangle, 379, 15, 10, 52, 59, 07e2da;
Polygon, 274, 72, 5, [(9,33) (37,91) (79,0) (3,31) (93,62) (28,4)], 0c8263;
Triangle, 366, 30, 4, 15, 46, e8b136;
Rectangle, 296, 348, 7, 66, 64, f321a6;
Rectangle, 267, 265, 4, 44, 38, cc3f55;
Rectangle, 216, 177, 10, 19, 44, b05172;
Triangle, 40, 374, 1, 80, 61, fd4fde;
Rectangle, 181, 102, 4, 56, 69, ecd212;
Polygon, 244, 83, 0, [(3,53) (31,81) (86,70) (5,51) (31,80)], 3fddd7;
Triangle, 266, 384, 1, 60, 27, 9eb5ca;
Triangle, 159, 370, 4, 55, 28, 231cc2;
Triangle, 492, 182, 6, 47, 62, 426b91;
Polygon, 388, 380, 5, [(49,60) (31,66) (97,56)], d11ab8;
Triangle, 55, 348, 5, 28, 15, 146a52;
Polygon, 69, 233, 3, [(61,3) (64,75) (69,98) (72,37) (73,96)], ff861f;
Polygon, 252, 398, 5, [(56,89) (54,60) (45,67) (66,4)], 4757d2;
Polygon, 344, 229, 5, [(31,30) (40,18) (94,46)], 6e5b7e;
Rectangle, 312, 343, 7, 60, 48, c88d27;
Rectangle, 240, 409, 7, 80, 94, 5630bd;
Rectangle, 302, 445, 6, 66, 83, 921a23;
Rectangle, 43, 9, 2, 80, 35, 544174;
Triangle, 157, 135, 4, 63, 22, 85c3f4;
Polygon, 322, 240, 0, [(26,4) (54,69) (37,10) (82,70)], 2d4260;
Polygon, 145, 323, 9, [(84,87) (78,34) (29,38) (97,28) (71,84) (9,40) (23,44) (99,94)], 3c9825;
Polygon, 425, 99, 7, [(95,59) (32,67) (93,77) (66,50) (47,46)], cc8d8f;
Polygon, 331, 210, 0, [(27,44) (88,53) (17,17) (72,77) (29,24) (11,81) (91,11) (32,84)], 13bda2;
Triangle, 18, 148, 3, 13, 29, 6f037d;
Rectangle, 440, 345, 10, 24, 66, a9e661;
Polygon, 398, 484, 5, [(26,24) (89,94) (42,93) (25,45) (57,67)], 66b63e;
Polygon, 266, 441, 6, [(36,56) (2,5) (90,29) (59,97) (45,71)], 6b66c6;
Triangle, 391, 299, 1, 89, 69, eba97d;
Polygon, 256, 483, 8, [(54,44) (46,58) (30,39) (45,28) (13,34) (93,4) (60,11) (94,6)], 0b5fe7;
Rectangle, 115, 495, 8, 80, 93, 999c4f;
Triangle, 465, 51, 3, 96, 69, cb5548;
Polygon, 130, 99, 6, [(94,39) (84,6) (65,0)], 1c1b9f;
Polygon, 464, 235, 2, [(95,77) (7,1) (62,41) (53,43) (36,1) (65,73) (90,73)], d226d0;
Rectangle, 226, 272, 9, 91, 100, 08a64a;
Rectangle, 395, 157, 0, 48, 22, 101747;
Polygon, 173, 432, 4, [(26,59) (39,93) (94,20) (99,58) (45,2)], 02f46b;
Polygon, 321, 227, 0, [(2,58) (99,6) (48,78) (91,39) (8,43)], fd0039;
Triangle, 25, 23, 10, 36, 54, 4a42f9;
Polygon, 214, 43, 1, [(62,21) (40,36) (96,28) (56,15) (40,58) (17,68)], 7edc0d;
